00000001
00000100
11111111
10011000
10000001
00000011
00000010
00000001
00000000
00000010
00000010
00000000
00000010
00000011
01110011
00000010
00000100
00000000
00000010
00000101
00000000
00000010
00000110
00001000
00000010
00000111
00000000
00000010
00001000
00000000
00000010
00001001
00000000
00000010
00001010
00000001
00000010
00001011
00000001
00000010
00001100
00000000
00000010
00001101
00000001
00000010
00001110
00000001
00000010
00001111
00000000
00000010
00010000
00000000
00000010
00010001
00000000
00000010
00010010
00000000
00000010
00010011
00000000
00000010
00010100
00000000
00000010
00010101
00000000
00000010
00010110
00000000
00000010
00010111
00000000
00000010
00011000
00000000
00000010
00011001
00000000
00000010
00011010
00000000
00000010
00011011
00000000
00000010
00011100
00000000
00000010
00011101
00000000
00000010
00011110
01000000
00000010
00011111
11000000
00000010
00100000
00000110
00000010
00100001
00000001
00000010
00100010
00000110
00000010
00100011
00000001
00000010
00100100
10001000
00000010
00100101
10001000
00000010
00100110
00000000
00000010
00100111
00000000
00000010
00101000
00111011
00000010
00101001
00000011
00000010
00101010
00000000
00000010
00101011
00000000
00000010
00101100
00000000
00000010
00101101
00000000
00000010
00101110
00000000
00000010
00101111
00000000
00000010
00110000
00000000
00000010
00110001
00000000
00000010
00110010
00000000
00000010
00110011
00000000
00000010
00110100
00000000
00000010
00110101
00000000
00000010
00110110
00000000
00000010
00110111
00000000
00000010
00111000
00000000
00000010
00111001
00000000
00000010
00111010
00000000
00000010
00111011
00000000
00000010
00111100
00000000
00000010
00111101
00000000
00000010
00111110
00000000
00000010
00111111
00000000
00000010
01000000
00000000
00000010
01000001
00000000
00000010
01000010
00000000
00000010
01000011
00000000
00000010
01000100
00000000
00000010
01010000
00000001
00000010
01010001
00100011
00000010
01010010
01000101
00000010
01010011
01100111
00000010
01010100
10001001
00000010
01010101
10101011
00000010
01010110
00000001
00000010
01010111
00100011
00000010
01011000
01000101
00000010
01011001
01100111
00000010
01011010
10001001
00000010
01011011
10101011
00000010
01011100
11001101
00000010
01011101
11101111
00000010
01011110
00000000
00000010
01011111
00000001
00000010
01100000
00000001
00000010
01100001
00000110
00000010
01100010
00000110
00000010
01100011
00000111
00000010
01100100
00000111
00000010
01100101
00000000
00000010
01100110
00000000
00000010
01100111
00000010
00000010
01101000
00000010
00000010
01101001
00000101
00000010
01101010
00000101
00000010
01101011
00000010
00000010
01101100
00001101
00000010
01101101
00001101
00000010
01101110
00001100
00000010
01101111
00001100
00000010
01110000
00001111
00000010
01110001
00001111
00000010
01110010
00001110
00000010
01110011
00001110
00000010
01110100
00000010
00000010
01110101
00000001
00000010
01110110
00000001
00000010
01110111
00000110
00000010
01111000
00000110
00000010
01111001
00000111
00000010
01111010
00000111
00000010
01111011
00000000
00000010
01111100
00000000
00000010
01111101
00000010
00000010
01111110
00000010
00000010
01111111
00000101
00000010
10000000
00000101
00000010
10000001
00000010
00000010
10000010
00001101
00000010
10000011
00001101
00000010
10000100
00001100
00000010
10000101
00001100
00000010
10000110
00001111
00000010
10000111
00001111
00000010
10001000
00001110
00000010
10001001
00001110
00000010
10001010
00000010
00000001
00000100
11111111
10011000
10000001
00000100
00000010
00111011
11000000
00000010
01101100
00010101
00000010
01101110
00101010
00000010
01101111
00110011
00000010
10001101
00011011
00000010
10000111
10111010
00000010
00111010
00100100
00000010
00100110
01110110
00000010
10110010
11010001
00000001
00000100
11111111
10011000
10000001
00000001
00000010
00100010
00001010
00000010
00110001
00000000
00000010
01000000
01010011
00000010
01000011
01100110
00000010
01010011
01001100
00000010
01010000
10000111
00000010
01010001
10000010
00000010
01100000
00010101
00000010
01100001
00000001
00000010
01100010
00001100
00000010
01100011
00000000
00000010
10100000
00000000
00000010
10100001
00010011
00000010
10100010
00100011
00000010
10100011
00010100
00000010
10100100
00010110
00000010
10100101
00101001
00000010
10100110
00011110
00000010
10100111
00011101
00000010
10101000
10000110
00000010
10101001
00011110
00000010
10101010
00101001
00000010
10101011
01110100
00000010
10101100
00011001
00000010
10101101
00010111
00000010
10101110
01001011
00000010
10101111
00100000
00000010
10110000
00100110
00000010
10110001
01001100
00000010
10110010
01011101
00000010
10110011
00111111
00000010
11000000
00000000
00000010
11000001
00010011
00000010
11000010
00100011
00000010
11000011
00010100
00000010
11000100
00010110
00000010
11000101
00101001
00000010
11000110
00011110
00000010
11000111
00011101
00000010
11001000
10000110
00000010
11001001
00011110
00000010
11001010
00101001
00000010
11001011
01110100
00000010
11001100
00011001
00000010
11001101
00010111
00000010
11001110
01001011
00000010
11001111
00100000
00000010
11010000
00100110
00000010
11010001
01001100
00000010
11010010
01011101
00000010
11010011
00111111
00000001
00000100
11111111
10011000
10000001
00000000
00000011
00010001
00000100
00000000
00010010
01001111
10000000
00000011
00101001
00000100
00000000
00000011
00001101
01000000
00000101
00000000
00000000
00000000
00000000
00000000
00000000
00000000
00000000
00000000
00000000
00000000
00000000
00000000
00000000
00000000
00000000
00000000
00000000
00000000
00000000
00000000
00000000
00000000
00000000
00000000
00000000
00000000
00000000
00000000
00000000
00000000
00000000
00000000
00000000
00000000
00000000
00000000
00000000
00000000
00000000
00000000
00000000
00000000
00000000
00000000
00000000
00000000
00000000
00000000
00000000
00000000
00000000
00000000
00000000
00000000
00000000
00000000
00000000
00000000
00000000
00000000
00000000
00000000
00000000
00000000
00000000
00000000
00000000
00000000
00000000
00000000
00000000
00000000
00000000
00000000
00000000
00000000
00000000
00000000
00000000
00000000
00000000
00000000
00000000
00000000
00000000
00000000
00000000
00000000
00000000
00000000
00000000
00000000
00000000
00000000
00000000
00000000
00000000
00000000
00000000
00000000
00000000
00000000
00000000
00000000
00000000
00000000
00000000
00000000
00000000
00000000
00000000
00000000
00000000
00000000
00000000
00000000
00000000
00000000
00000000
00000000
00000000
00000000
00000000
00000000
00000000
00000000
00000000
00000000
00000000
00000000
00000000
00000000
00000000
00000000
00000000
00000000
00000000
00000000
00000000
00000000
00000000
00000000
00000000
00000000
00000000
00000000
00000000
00000000
00000000
00000000
00000000
00000000
00000000
00000000
00000000
00000000
00000000
00000000
00000000
00000000
00000000
00000000
00000000
00000000
00000000
00000000
00000000
00000000
00000000
00000000
00000000
00000000
00000000
00000000
00000000
00000000
00000000
00000000
00000000
00000000
00000000
00000000
00000000
00000000
00000000
00000000
00000000
00000000
00000000
00000000
00000000
00000000
00000000
00000000
00000000
00000000
00000000
00000000
00000000
00000000
00000000
00000000
00000000
00000000
00000000
00000000
00000000
00000000
00000000
00000000
00000000
00000000
00000000
00000000
00000000
00000000
00000000
00000000
00000000
00000000
00000000
00000000
00000000
00000000
00000000
00000000
00000000
00000000
00000000
00000000
00000000
00000000
00000000
00000000
00000000
00000000
00000000
00000000
00000000
00000000
00000000
00000000
00000000
00000000
00000000
00000000
00000000
00000000
00000000
00000000
00000000
00000000
00000000
00000000
00000000
00000000
00000000
00000000
00000000
00000000
00000000
00000000
00000000
00000000
00000000
00000000
00000000
00000000
00000000
00000000
00000000
00000000
00000000
00000000
00000000
00000000
00000000
00000000
00000000
00000000
00000000
00000000
00000000
00000000
00000000
00000000
00000000
00000000
00000000
00000000
00000000
00000000
00000000
00000000
00000000
00000000
00000000
00000000
00000000
00000000
00000000
00000000
00000000
00000000
00000000
00000000
00000000
00000000
00000000
00000000
00000000
00000000
00000000
00000000
00000000
00000000
00000000
00000000
00000000
00000000
00000000
00000000
00000000
00000000
00000000
00000000
00000000
00000000
00000000
00000000
00000000
00000000
00000000
00000000
00000000
00000000
00000000
00000000
00000000
00000000
00000000
00000000
00000000
00000000
00000000
00000000
00000000
00000000
00000000
00000000
00000000
00000000
00000000
00000000
00000000
00000000
00000000
00000000
00000000
00000000
00000000
00000000
00000000
00000000
00000000
00000000
00000000
00000000
00000000
00000000
00000000
00000000
00000000
00000000
00000000
00000000
00000000
00000000
00000000
00000000
00000000
00000000
00000000
00000000
00000000
00000000
00000000
00000000
00000000
00000000
00000000
00000000
00000000
00000000
00000000
00000000
00000000
00000000
00000000
00000000
00000000
00000000
00000000
00000000
00000000
00000000
00000000
00000000
00000000
00000000
00000000
00000000
00000000
00000000
00000000
00000000
00000000
00000000
00000000
00000000
00000000
00000000
00000000
